0,573
0,572
0,571
0,570
0,569
0,568
0,567
0,566
0,565
60,11
0,564
59,10
60,10
0,563
0,562
103,35
88,1
14,6
88,0
87,8
14,3
87,7
87,6
13,1
13,3
87,5
87,4
87,3
87,2
87,1
87,0
86,11
86,10
86,9
86,8
86,7
86,6
86,5
86,4
86,3
86,2
86,1
86,0
85,7
85,6
85,5
85,4
85,3
85,2
85,1
85,0
84,7
84,6
84,5
84,4
84,3
84,2
84,1
84,0
83,8
83,7
83,6
83,5
83,4
83,3
83,2
83,1
83,0
82,8
82,7
82,6
82,5
82,4
82,3
82,2
82,1
82,0
81,6
81,5
81,4
81,3
81,2
81,1
81,0
80,6
80,5
80,4
80,3
80,2
80,1
80,0
79,6
79,5
79,4
79,3
79,2
79,1
79,0
78,7
78,6
78,5
78,4
78,3
78,2
78,1
78,0
77,7
77,6
77,5
77,4
77,3
77,2
77,1
77,0
76,4
76,3
76,2
76,1
76,0
75,5
75,4
75,3
75,2
75,1
75,0
74,7
74,6
74,5
74,1
65,9
65,8
65,7
65,6
65,1
64,10
64,9
64,8
64,1
60,9
60,8
60,7
60,1
59,9
59,8
59,7
59,1
42,191
42,190
42,189
42,188
42,187
42,186
42,185
42,184
42,183
42,182
42,181
42,180
42,179
42,178
42,177
42,176
42,175
42,174
42,173
42,172
42,171
42,170
42,169
42,168
42,167
42,166
42,165
42,117
42,72
42,71
42,70
42,69
42,1
14,22
14,21
14,20
14,19
14,1
14,18
2,3
2,2
2,1
0,0
103,34
103,33
103,32
103,31
103,30
103,29
103,28
103,27
103,26
103,25
103,24
103,23
103,22
103,21
103,20
103,19
103,18
103,17
103,16
103,15
103,14
103,13
103,12
103,11
103,10
103,9
103,8
